#custom-overlay {
    position: fixed;
    top: 0;
    right: 0;
    bottom: 0;
    left: 0;
    z-index: 100000;
    width: 100%;
    // background-color: #002a3e;
}

.titulo {
    padding: 10px;
    z-index: 100000000;
}

.nombre {
    padding: 10px;
    z-index: 100000000;
    // margin-left: 60%;
}

.flb {
    background-color: white;
    height: 100%;
    width: 100%;
    animation: pulse 1s linear forwards;
    display: flex;
    align-items: center;
    justify-content: center;
}

.Aligner-item {
    max-width: 50%;
}

.Aligner-item--top {
    align-self: flex-start;
}

.Aligner-item--bottom {
    align-self: flex-end;
}

#custom-overlay img {
    display: block;
    margin: 0 auto;
    width: 50%;
    height: auto;
    animation: animation 3100ms linear infinite both;
    animation-delay: 1s;
}




.animation-target {
    -webkit-animation: animation 750ms linear both;
    animation: animation 750ms linear both;
  }
  
  /* Generated with Bounce.js. Edit at http://bouncejs.com#%7Bs%3A%5B%7BT%3A%22r%22%2Ce%3A%22s%22%2Cd%3A750%2CD%3A0%2Cf%3A0%2Ct%3A90%2Cs%3A3%2Cb%3A4%7D%2C%7BT%3A%22r%22%2Ce%3A%22b%22%2Cd%3A750%2CD%3A0%2Cf%3A0%2Ct%3A45%2Cs%3A2%2Cb%3A4%7D%5D%7D */
  
  @-webkit-keyframes animation { 
    0% { -webkit-transform: matrix3d(1, 0, 0, 0, 0, 1, 0, 0, 0, 0, 1, 0, 0, 0, 0, 1); transform: matrix3d(1, 0, 0, 0, 0, 1, 0, 0, 0, 0, 1, 0, 0, 0, 0, 1); }
    3.2% { -webkit-transform: matrix3d(0.773, 0.635, 0, 0, -0.635, 0.773, 0, 0, 0, 0, 1, 0, 0, 0, 0, 1); transform: matrix3d(0.773, 0.635, 0, 0, -0.635, 0.773, 0, 0, 0, 0, 1, 0, 0, 0, 0, 1); }
    4.5% { -webkit-transform: matrix3d(0.646, 0.763, 0, 0, -0.763, 0.646, 0, 0, 0, 0, 1, 0, 0, 0, 0, 1); transform: matrix3d(0.646, 0.763, 0, 0, -0.763, 0.646, 0, 0, 0, 0, 1, 0, 0, 0, 0, 1); }
    6.41% { -webkit-transform: matrix3d(0.5, 0.866, 0, 0, -0.866, 0.5, 0, 0, 0, 0, 1, 0, 0, 0, 0, 1); transform: matrix3d(0.5, 0.866, 0, 0, -0.866, 0.5, 0, 0, 0, 0, 1, 0, 0, 0, 0, 1); }
    9.01% { -webkit-transform: matrix3d(0.394, 0.919, 0, 0, -0.919, 0.394, 0, 0, 0, 0, 1, 0, 0, 0, 0, 1); transform: matrix3d(0.394, 0.919, 0, 0, -0.919, 0.394, 0, 0, 0, 0, 1, 0, 0, 0, 0, 1); }
    12.71% { -webkit-transform: matrix3d(0.391, 0.92, 0, 0, -0.92, 0.391, 0, 0, 0, 0, 1, 0, 0, 0, 0, 1); transform: matrix3d(0.391, 0.92, 0, 0, -0.92, 0.391, 0, 0, 0, 0, 1, 0, 0, 0, 0, 1); }
    13.51% { -webkit-transform: matrix3d(0.404, 0.915, 0, 0, -0.915, 0.404, 0, 0, 0, 0, 1, 0, 0, 0, 0, 1); transform: matrix3d(0.404, 0.915, 0, 0, -0.915, 0.404, 0, 0, 0, 0, 1, 0, 0, 0, 0, 1); }
    17.92% { -webkit-transform: matrix3d(0.513, 0.859, 0, 0, -0.859, 0.513, 0, 0, 0, 0, 1, 0, 0, 0, 0, 1); transform: matrix3d(0.513, 0.859, 0, 0, -0.859, 0.513, 0, 0, 0, 0, 1, 0, 0, 0, 0, 1); }
    18.92% { -webkit-transform: matrix3d(0.539, 0.842, 0, 0, -0.842, 0.539, 0, 0, 0, 0, 1, 0, 0, 0, 0, 1); transform: matrix3d(0.539, 0.842, 0, 0, -0.842, 0.539, 0, 0, 0, 0, 1, 0, 0, 0, 0, 1); }
    25.23% { -webkit-transform: matrix3d(0.666, 0.746, 0, 0, -0.746, 0.666, 0, 0, 0, 0, 1, 0, 0, 0, 0, 1); transform: matrix3d(0.666, 0.746, 0, 0, -0.746, 0.666, 0, 0, 0, 0, 1, 0, 0, 0, 0, 1); }
    29.03% { -webkit-transform: matrix3d(0.705, 0.709, 0, 0, -0.709, 0.705, 0, 0, 0, 0, 1, 0, 0, 0, 0, 1); transform: matrix3d(0.705, 0.709, 0, 0, -0.709, 0.705, 0, 0, 0, 0, 1, 0, 0, 0, 0, 1); }
    31.43% { -webkit-transform: matrix3d(0.718, 0.696, 0, 0, -0.696, 0.718, 0, 0, 0, 0, 1, 0, 0, 0, 0, 1); transform: matrix3d(0.718, 0.696, 0, 0, -0.696, 0.718, 0, 0, 0, 0, 1, 0, 0, 0, 0, 1); }
    34.63% { -webkit-transform: matrix3d(0.725, 0.688, 0, 0, -0.688, 0.725, 0, 0, 0, 0, 1, 0, 0, 0, 0, 1); transform: matrix3d(0.725, 0.688, 0, 0, -0.688, 0.725, 0, 0, 0, 0, 1, 0, 0, 0, 0, 1); }
    40.14% { -webkit-transform: matrix3d(0.723, 0.69, 0, 0, -0.69, 0.723, 0, 0, 0, 0, 1, 0, 0, 0, 0, 1); transform: matrix3d(0.723, 0.69, 0, 0, -0.69, 0.723, 0, 0, 0, 0, 1, 0, 0, 0, 0, 1); }
    56.46% { -webkit-transform: matrix3d(0.706, 0.708, 0, 0, -0.708, 0.706, 0, 0, 0, 0, 1, 0, 0, 0, 0, 1); transform: matrix3d(0.706, 0.708, 0, 0, -0.708, 0.706, 0, 0, 0, 0, 1, 0, 0, 0, 0, 1); }
    62.36% { -webkit-transform: matrix3d(0.706, 0.709, 0, 0, -0.709, 0.706, 0, 0, 0, 0, 1, 0, 0, 0, 0, 1); transform: matrix3d(0.706, 0.709, 0, 0, -0.709, 0.706, 0, 0, 0, 0, 1, 0, 0, 0, 0, 1); }
    81.48% { -webkit-transform: matrix3d(0.707, 0.707, 0, 0, -0.707, 0.707, 0, 0, 0, 0, 1, 0, 0, 0, 0, 1); transform: matrix3d(0.707, 0.707, 0, 0, -0.707, 0.707, 0, 0, 0, 0, 1, 0, 0, 0, 0, 1); }
    84.68% { -webkit-transform: matrix3d(0.707, 0.707, 0, 0, -0.707, 0.707, 0, 0, 0, 0, 1, 0, 0, 0, 0, 1); transform: matrix3d(0.707, 0.707, 0, 0, -0.707, 0.707, 0, 0, 0, 0, 1, 0, 0, 0, 0, 1); }
    100% { -webkit-transform: matrix3d(0.707, 0.707, 0, 0, -0.707, 0.707, 0, 0, 0, 0, 1, 0, 0, 0, 0, 1); transform: matrix3d(0.707, 0.707, 0, 0, -0.707, 0.707, 0, 0, 0, 0, 1, 0, 0, 0, 0, 1); } 
  }
  
  @keyframes animation { 
    0% { -webkit-transform: matrix3d(1, 0, 0, 0, 0, 1, 0, 0, 0, 0, 1, 0, 0, 0, 0, 1); transform: matrix3d(1, 0, 0, 0, 0, 1, 0, 0, 0, 0, 1, 0, 0, 0, 0, 1); }
    3.2% { -webkit-transform: matrix3d(0.773, 0.635, 0, 0, -0.635, 0.773, 0, 0, 0, 0, 1, 0, 0, 0, 0, 1); transform: matrix3d(0.773, 0.635, 0, 0, -0.635, 0.773, 0, 0, 0, 0, 1, 0, 0, 0, 0, 1); }
    4.5% { -webkit-transform: matrix3d(0.646, 0.763, 0, 0, -0.763, 0.646, 0, 0, 0, 0, 1, 0, 0, 0, 0, 1); transform: matrix3d(0.646, 0.763, 0, 0, -0.763, 0.646, 0, 0, 0, 0, 1, 0, 0, 0, 0, 1); }
    6.41% { -webkit-transform: matrix3d(0.5, 0.866, 0, 0, -0.866, 0.5, 0, 0, 0, 0, 1, 0, 0, 0, 0, 1); transform: matrix3d(0.5, 0.866, 0, 0, -0.866, 0.5, 0, 0, 0, 0, 1, 0, 0, 0, 0, 1); }
    9.01% { -webkit-transform: matrix3d(0.394, 0.919, 0, 0, -0.919, 0.394, 0, 0, 0, 0, 1, 0, 0, 0, 0, 1); transform: matrix3d(0.394, 0.919, 0, 0, -0.919, 0.394, 0, 0, 0, 0, 1, 0, 0, 0, 0, 1); }
    12.71% { -webkit-transform: matrix3d(0.391, 0.92, 0, 0, -0.92, 0.391, 0, 0, 0, 0, 1, 0, 0, 0, 0, 1); transform: matrix3d(0.391, 0.92, 0, 0, -0.92, 0.391, 0, 0, 0, 0, 1, 0, 0, 0, 0, 1); }
    13.51% { -webkit-transform: matrix3d(0.404, 0.915, 0, 0, -0.915, 0.404, 0, 0, 0, 0, 1, 0, 0, 0, 0, 1); transform: matrix3d(0.404, 0.915, 0, 0, -0.915, 0.404, 0, 0, 0, 0, 1, 0, 0, 0, 0, 1); }
    17.92% { -webkit-transform: matrix3d(0.513, 0.859, 0, 0, -0.859, 0.513, 0, 0, 0, 0, 1, 0, 0, 0, 0, 1); transform: matrix3d(0.513, 0.859, 0, 0, -0.859, 0.513, 0, 0, 0, 0, 1, 0, 0, 0, 0, 1); }
    18.92% { -webkit-transform: matrix3d(0.539, 0.842, 0, 0, -0.842, 0.539, 0, 0, 0, 0, 1, 0, 0, 0, 0, 1); transform: matrix3d(0.539, 0.842, 0, 0, -0.842, 0.539, 0, 0, 0, 0, 1, 0, 0, 0, 0, 1); }
    25.23% { -webkit-transform: matrix3d(0.666, 0.746, 0, 0, -0.746, 0.666, 0, 0, 0, 0, 1, 0, 0, 0, 0, 1); transform: matrix3d(0.666, 0.746, 0, 0, -0.746, 0.666, 0, 0, 0, 0, 1, 0, 0, 0, 0, 1); }
    29.03% { -webkit-transform: matrix3d(0.705, 0.709, 0, 0, -0.709, 0.705, 0, 0, 0, 0, 1, 0, 0, 0, 0, 1); transform: matrix3d(0.705, 0.709, 0, 0, -0.709, 0.705, 0, 0, 0, 0, 1, 0, 0, 0, 0, 1); }
    31.43% { -webkit-transform: matrix3d(0.718, 0.696, 0, 0, -0.696, 0.718, 0, 0, 0, 0, 1, 0, 0, 0, 0, 1); transform: matrix3d(0.718, 0.696, 0, 0, -0.696, 0.718, 0, 0, 0, 0, 1, 0, 0, 0, 0, 1); }
    34.63% { -webkit-transform: matrix3d(0.725, 0.688, 0, 0, -0.688, 0.725, 0, 0, 0, 0, 1, 0, 0, 0, 0, 1); transform: matrix3d(0.725, 0.688, 0, 0, -0.688, 0.725, 0, 0, 0, 0, 1, 0, 0, 0, 0, 1); }
    40.14% { -webkit-transform: matrix3d(0.723, 0.69, 0, 0, -0.69, 0.723, 0, 0, 0, 0, 1, 0, 0, 0, 0, 1); transform: matrix3d(0.723, 0.69, 0, 0, -0.69, 0.723, 0, 0, 0, 0, 1, 0, 0, 0, 0, 1); }
    56.46% { -webkit-transform: matrix3d(0.706, 0.708, 0, 0, -0.708, 0.706, 0, 0, 0, 0, 1, 0, 0, 0, 0, 1); transform: matrix3d(0.706, 0.708, 0, 0, -0.708, 0.706, 0, 0, 0, 0, 1, 0, 0, 0, 0, 1); }
    62.36% { -webkit-transform: matrix3d(0.706, 0.709, 0, 0, -0.709, 0.706, 0, 0, 0, 0, 1, 0, 0, 0, 0, 1); transform: matrix3d(0.706, 0.709, 0, 0, -0.709, 0.706, 0, 0, 0, 0, 1, 0, 0, 0, 0, 1); }
    81.48% { -webkit-transform: matrix3d(0.707, 0.707, 0, 0, -0.707, 0.707, 0, 0, 0, 0, 1, 0, 0, 0, 0, 1); transform: matrix3d(0.707, 0.707, 0, 0, -0.707, 0.707, 0, 0, 0, 0, 1, 0, 0, 0, 0, 1); }
    84.68% { -webkit-transform: matrix3d(0.707, 0.707, 0, 0, -0.707, 0.707, 0, 0, 0, 0, 1, 0, 0, 0, 0, 1); transform: matrix3d(0.707, 0.707, 0, 0, -0.707, 0.707, 0, 0, 0, 0, 1, 0, 0, 0, 0, 1); }
    100% { -webkit-transform: matrix3d(0.707, 0.707, 0, 0, -0.707, 0.707, 0, 0, 0, 0, 1, 0, 0, 0, 0, 1); transform: matrix3d(0.707, 0.707, 0, 0, -0.707, 0.707, 0, 0, 0, 0, 1, 0, 0, 0, 0, 1); } 
  }
  
  